$ANSIBLE_VAULT;1.1;AES256
36316161613130633166653438643739303533663534343535393962636139356466373963373666
6466306233386132623132613830326236666437646132350a343864303734346562373137623464
33636634646362323563386232616536636166353664613263373736353735303332623133633166
6564373965363935390a313639303837336532306631386134313433353335386439646363313132
63383436333231336564316638363937306539616132316566333065323432363430373561623166
64363239653765653635363265366234643164636634343434656664623361623333343862366165
32326239656563633733666665646466383038626135363033376365383265383736373136303766
64336433393139646135373261643737386336616330316461323265383538356532656136306438
63363639636561373166303734646563393566643034656238333432376362643435626238646434
37643563393461353437326233333833343161383464363566316139623331373132303464333832
38666365386231353631323265643762623130323465643733393166333466343333366430336530
35393139376431373938323665663965376631653437643532626438306232326562383532353839
37393866663332303130363631316536393530636638356538663966393061303531316265666138
37363137623036623961623466376530646136383633333336613461343765313665333439373639
65333361323731333932646232396536313065623839336364323432626465393531636465313333
38363635363731383037613238656330306636336536613866303361626237393231396666623538
36393561306134393166653138393730383864383165623463346132353437386130363566303736
35353131353963376634396334393035336535303166613435633038663835376164313631646162
61343738383963333637313038356666666331643038636331353634643730396531396134383839
64393637623163666661383735646133626139373865323532613438393231366337643561643630
35393661633162313935336665643161353435656334323539666338613333336332343030633237
32383735313936303036346130336631393333306538386234353761366532616431613430643663
363737346338336330303163313635316166
